coords=(((71,11), (71,8), (83,8), (83,11)),
((77,8), (77,11)),
((64,7), (48,7), (44,11), (44,31), (48,35), (74,35), (78,31), (78,22)),
((38,5), (36,6), (24,6), (20,4), (8,4), (4,6), (0,6)),
((82,13), (86,13), (86,17), (82,17), (82,13)),
((56,25), (58,25), (58,23), (56,23), (56,25)),
((61,10), (67,4), (85,4), (91,10), (91,18), (89,20), (89,26), (87,28), (85,28), (79,22), (73,22), (67,28), (65,28), (63,26), (63,20), (61,18), (61,10)),
((46,17), (48,17), (48,15), (46,15), (46,17)),
((0,36), (4,36), (8,34), (20,34), (24,36), (36,36), (40,34), (41,34)),
((58,19), (60,19), (60,17), (58,17), (58,19)),
((64,13), (68,13), (68,9), (64,9), (64,13)),
((68,13), (72,13), (72,17), (68,17), (68,13)),
((45,4), (45,3), (42,0), (37,0), (37,4), (39,6), (43,6)),
((78,13), (80,13), (80,15)),
((32,18), (24,18), (20,16), (8,16), (4,18), (0,18)),
((88,33), (88,31), (89,32), (90,31), (90,33)),
((54,13), (56,13), (56,11), (54,11), (54,13)),
((48,31), (50,31), (50,29), (48,29), (48,31)),
((41,12), (40,12), (38,14), (36,14), (29,21), (29,24), (34,24), (41,17)),
((85,32), (82,32), (83,33), (83,31), (82,32)),
((0,12), (4,12), (8,10), (20,10), (24,12), (36,12), (40,10), (41,10)),
((82,15), (84,15), (84,17)),
((58,33), (60,33), (60,31), (58,31), (58,33)),
((64,33), (66,33), (66,31), (64,31), (64,33)),
((77,4), (77,2), (79,0), (81,0), (83,2), (83,4)),
((50,21), (52,21), (52,19), (50,19), (50,21)),
((86,13), (90,13), (90,9), (86,9), (86,13)),
((86,32), (87,32), (87,33), (86,33), (86,31)),
((67,4), (67,2), (69,0), (73,0), (73,4)),
((68,15), (70,15), (70,17)),
((48,11), (50,11), (50,9), (48,9), (48,11)),
((72,29), (74,29), (74,27), (72,27), (72,29)),
((0,24), (4,24), (8,22), (20,22), (24,24), (36,24), (40,22), (41,22)),
((0,30), (4,30), (8,28), (20,28), (24,30), (36,30), (40,28), (41,28)),
((55,4), (55,2), (53,0), (49,0), (49,4)),
((81,24), (81,34), (77,38), (45,38), (41,34), (41,8), (45,4), (67,4)))
